((("div" .
   [1 0 0])
  ("sample1" .
   [1 0 0 0 0 0 0])
  ("20px" .
   [2 0 0 0])
  ("padding" .
   [0 0 1 0 0 0 0])
  ("sample2" .
   [3 0 0 0 0 0 0])
  ("URL２" .
   [2 0 0 0])
  ("ブックマーク２" .
   [1 0 0 0 0 0 0])
  ("b" .
   [1])
  ("margin" .
   [0 0 0 2 0 0])
  ("10px" .
   [3 0 0 0])
  ("</table>" .
   [1 0 0 0 0 0 0 0])
  ("cellpadding=" .
   [0 0 0 0 1 0 0 0 0 0 0 0])
  ("border=" .
   [0 0 0 1 0 0 0])
  ("<table" .
   [0 0 0 1 0 0])
  ("</tr>" .
   [1 0 0 0 0])
  ("<tr>" .
   [1 0 0 0])
  ("3px" .
   [1 0 0])
  ("2px" .
   [1 0 0])
  ("sample" .
   [0 0 0 0 0 1])
  ("dev" .
   [1 0 0])
  ("httpGet" .
   [0 0 0 0 0 0 1])
  ("value" .
   [1 0 0 0 0])
  ("emit" .
   [2 0 0 0])
  ("socket" .
   [1 0 0 0 0 1])
  ("listen" .
   [1 0 0 0 0 0])
  ("server" .
   [3 0 0 2 0 0])
  ("get" .
   [4 0 0])
  ("nil" .
   [1 0 0])
  ("ac-ignore-case" .
   [0 0 0 0 0 0 0 0 0 0 0 0 0 1])
  ("aiueoK" .
   [1 0 0 0 0 0])
  ("AIUEO" .
   [0 0 1 0 0])
  ("aiueo" .
   [0 0 4 0 0])
  ("btnClose" .
   [1 0 0 0 0 0 0 0])
  ("btn" .
   [5 0 0])
  ("contents" .
   [0 0 0 1 0 0 0 0])
  ("class=" .
   [9 0 1 28 4 12])
  ("debug" .
   [0 0 0 1 0])
  ("printf" .
   [1 0 0 0 0 0])
  ("include" .
   [0 0 0 0 0 0 2])
  ("digitSoFar" .
   [0 0 0 2 0 0 0 0 0 0])
  ("number" .
   [1 0 0 0 0 0])
  ("size_t" .
   [1 0 0 0 0 0])
  ("std" .
   [1 0 0])
  ("int" .
   [3 0 0])
  ("const" .
   [0 0 1 0 0])
  ("Widget" .
   [0 0 13 2 0 0])
  ("DEBUG" .
   [0 0 0 1 0])
  ("type=" .
   [2 0 0 0 1])
  ("document" .
   [0 0 1 1 0 0 0 0])
  ("getElementById" .
   [0 0 0 1 0 0 0 0 0 0 0 0 0 0])
  ("src=" .
   [1 0 0 1])
  ("index" .
   [1 0 0 0 0])
  ("js" .
   [1 0])
  ("function" .
   [0 0 1 1 2 0 0 0])
  ("var" .
   [9 0 0])
  ("source" .
   [0 0 0 0 1 0])
  ("ret" .
   [5 0 0])
  ("substr" .
   [0 0 0 1 0 0])
  ("numberFormat" .
   [0 0 0 1 0 0 0 0 0 0 0 0])
  ("require" .
   [0 0 1 1 1 0 1])
  ("Database" .
   [0 0 1 0 2 0 0 0])
  ("config" .
   [1 0 0 0 0 0])
  ("prototype" .
   [0 0 0 1 0 0 0 0 0])
  ("res" .
   [1 0 0])
  ("engine" .
   [1 0 0 0 1 0])
  ("app" .
   [2 0 0])
  ("http" .
   [1 0 0 0])
  ("msg" .
   [1 0 0])
  ("str" .
   [2 0 0])
  ("buf" .
   [3 0 0])
  ("data" .
   [5 0 1 0])
  ("length" .
   [0 0 0 0 3 0])
  ("binaryData" .
   [0 0 0 1 1 0 0 0 0 0])
  ("len" .
   [1 0 0])
  ("websocket" .
   [0 0 0 0 0 1 0 0 0])
  ("console" .
   [0 0 0 0 1 0 0])
  ("log" .
   [1 0 0])
  ("url" .
   [1 0 0])
  ("email" .
   [2 0 0 0 0])
  ("<div" .
   [14 0 3 4])
  ("<input" .
   [0 0 0 0 1 0])
  ("submit" .
   [1 0 0 0 0 0])
  ("style=" .
   [0 0 0 6 0 2])
  ("col-sm-2" .
   [0 0 0 0 0 0 0 4])
  ("</div>" .
   [16 0 0 0 0 0])
  ("btn-primary" .
   [0 0 0 0 0 0 0 3 0 0 0])
  ("href=" .
   [4 0 0 4 1])
  ("<li><a" .
   [2 0 0 0 1 0])
  ("<ul" .
   [2 0 1])
  ("active" .
   [4 0 0 1 0 0])
  ("navbar" .
   [0 0 0 0 1 5])
  ("<link" .
   [0 0 0 0 1])
  ("<li" .
   [1 0 0])
  ("nav" .
   [2 0 0])
  ("navbar-nav" .
   [0 0 0 0 0 0 0 0 0 1])
  ("collapse" .
   [1 0 0 0 0 0 0 0])
  ("target" .
   [1 0 0 0 0 0])
  ("<script" .
   [0 0 0 0 0 1 0])
  ("></script>" .
   [1 0 0 0 0 0 0 0 0 0])
  ("<span" .
   [0 0 0 0 1])
  ("label" .
   [0 0 0 1 0])
  ("alert" .
   [1 0 0 0 0])
  ("panel" .
   [0 0 0 0 2])
  ("progress" .
   [0 0 0 1 0 0 0 2])
  ("progress-bar-primary" .
   [1 0 0 0 0 0 0 0 0 0 0 0 0 0 0 0 0 0 0 0])
  ("data-toggle=" .
   [1 0 1 0 3 0 2 1 0 0 0 0])
  ("modal" .
   [1 0 0 1 4])
  ("myModal" .
   [0 0 0 1 0 0 0])
  ("<button" .
   [0 0 0 2 0 0 0])
  ("close" .
   [1 0 0 0 0])
  ("home" .
   [1 0 0 0])
  ("about" .
   [1 0 0 0 0])
  ("<p>Inbox" .
   [0 0 0 0 1 0 0 0])
  ("tooltip" .
   [0 0 0 1 0 0 0])
  ("title=" .
   [1 0 0 0 0 0])
  ("popover" .
   [0 0 0 1 0 0 0])))
